78
78
78
78
79
79
79
79
79
79
79
79
79
79
79
79
80
80
80
80
80
81
81
81
81
81
255
255
255
255
255
255
255
255
255
255
255
255
255
255
255
255
255
255
255
255
255
255
255
255
255
255
255
255
255
255
255
255
255
255
255
255
255
255
255
255
255
255
255
255
255
255
255
255
255
255
255
255
255
255
255
255
255
255
255
255
255
255
255
255
255
255
255
196
196
196
196
196
196
196
196
196
196
196
196
196
196
196
245
245
245
245
245
245
245
245
245
245
245
245
245
245
245
246
246
246
246
246
141
141
141
141
141
255
255
255
255
255
130
130
130
130
130
129
129
129
129
129
129
129
129
129
129
129
129
129
129
129
129
129
129
129
129
129
129
129
129
130
130
130
130
130
255
255
255
255
255
255
255
255
255
255
255
255
255
255
255
32
32
32
32
32
31
31
31
31
31
30
30
30
30
30
30
30
30
30
30
30
29
29
29
29
29
28
28
28
28
28
28
28
28
28
28
28
28
28
28
28
28
28
28
28
28
28
28
28
28
28
28
28
28
28
28
28
29
29
29
29
29
30
30
30
30
30
31
31
31
31
31
32
32
32
32
32
255
255
255
255
255
255
86
86
86
86
86
80
80
80
80
79
79
79
79
79
79
79
79
79
78
78
78
78
78
78
78
78
78
78
78
78
