172
172
172
172
172
173
173
173
173
173
174
174
255
255
255
255
255
209
209
209
209
208
208
208
208
208
208
208
208
208
208
208
208
208
208
32
32
31
31
31
31
30
30
29
29
28
28
28
28
28
28
28
27
27
27
27
27
27
27
27
27
27
27
27
27
27
27
27
27
27
27
27
27
26
26
26
26
26
26
26
26
26
26
26
26
26
26
26
26
26
26
27
27
27
27
27
27
27
27
27
27
27
28
28
28
28
28
29
29
29
29
30
30
30
30
30
45
45
36
36
36
36
36
36
36
36
36
36
36
36
34
34
34
34
34
34
34
34
34
34
34
34
34
34
33
33
33
33
33
33
33
33
33
33
33
34
34
34
34
34
34
34
34
34
35
35
35
35
35
35
35
36
36
36
36
36
37
37
37
37
37
39
39
64
64
63
63
63
56
56
55
55
54
54
54
54
54
53
53
53
53
53
53
53
52
52
52
52
52
52
52
52
52
52
52
52
52
52
52
52
52
52
52
52
52
52
52
52
52
52
52
53
53
53
53
53
53
54
54
54
55
55
55
55
56
56
56
255
255
255
255
255
255
255
255
255
255
255
255
255
255
255
255
255
255
255
255
255
255
255
255
255
255
255
255
255
255
255
255
255
255
255
255
255
255
255
255
255
255
255
255
255
255
210
210
209
209
208
208
0
