255
255
255
255
255
255
255
255
255
255
255
255
255
255
255
255
255
255
255
255
255
255
255
255
255
255
255
255
255
255
209
209
209
209
209
209
209
209
209
209
209
30
30
30
30
30
28
28
28
28
28
28
27
27
27
27
27
26
26
26
26
26
25
25
25
25
25
25
25
25
25
25
25
24
24
24
24
24
24
24
24
24
24
25
25
25
25
25
25
25
25
25
25
25
25
25
25
25
25
25
25
25
25
25
25
25
25
25
26
26
26
26
26
27
27
27
27
27
27
27
27
27
27
28
28
28
28
28
30
30
30
30
30
32
32
32
32
32
32
32
32
32
31
31
31
31
31
31
31
31
31
31
31
31
31
31
31
30
30
30
30
30
30
30
30
30
30
30
30
30
30
30
31
31
31
31
31
31
31
31
31
31
31
31
31
31
31
31
32
32
32
32
32
33
33
33
33
34
34
34
34
34
34
64
64
64
64
64
57
57
57
57
57
56
56
56
56
56
55
55
55
55
55
54
54
54
54
54
54
54
54
54
54
54
54
54
54
54
54
54
54
54
54
54
54
54
54
54
54
54
54
54
54
55
55
55
55
55
56
56
56
56
56
56
58
58
58
58
58
255
255
255
255
255
255
255
255
255
255
255
255
255
255
255
255
255
255
255
255
255
255
255
255
255
255
255
255
255
255
255
