177
177
177
177
177
177
177
177
177
177
255
255
255
255
255
255
255
255
255
255
255
255
255
255
255
255
255
255
255
255
255
255
255
255
255
255
255
255
255
255
255
255
255
255
255
31
31
31
31
31
31
29
29
29
29
29
28
28
28
28
28
27
27
27
27
27
27
27
27
27
27
26
26
26
26
26
26
26
26
26
26
26
26
26
26
26
26
26
26
26
26
26
26
26
26
26
26
26
26
26
26
27
27
27
27
27
27
27
27
27
27
28
28
28
28
28
28
28
28
28
28
30
30
30
30
30
44
44
44
44
44
36
36
36
36
36
33
33
33
33
33
33
33
33
33
33
33
33
33
33
33
33
33
33
33
33
32
32
32
32
32
32
32
32
32
32
32
32
32
32
32
33
33
33
33
33
33
33
33
33
33
33
34
34
34
34
34
34
34
34
34
34
32
32
32
32
32
64
64
64
64
64
56
56
56
56
56
55
55
55
55
55
54
54
54
54
54
53
53
53
53
53
52
52
52
52
52
52
52
52
52
52
52
52
52
52
52
52
52
52
52
52
52
53
53
53
53
53
53
53
53
53
53
53
54
54
54
54
54
55
55
55
55
55
57
57
57
57
57
255
255
255
255
255
255
255
255
255
255
255
255
255
255
255
255
255
255
255
255
255
255
255
255
177
177
177
177
177
176
176
