77
77
77
78
78
78
78
78
78
78
78
78
78
78
78
79
79
79
79
79
80
80
80
80
80
80
255
255
255
255
255
255
255
255
255
255
255
160
160
160
160
160
160
159
159
159
159
159
159
159
159
159
159
159
159
159
159
159
159
159
159
159
159
159
159
160
160
160
160
160
162
162
162
162
162
255
255
255
255
255
255
255
255
255
255
255
255
255
255
255
255
255
255
255
255
255
255
255
255
255
255
255
255
255
255
255
255
255
255
140
140
140
140
140
138
138
138
138
138
137
137
137
137
137
137
137
137
137
137
134
134
134
134
134
129
129
129
129
129
127
127
127
127
127
127
127
127
127
127
127
127
127
127
127
127
127
127
127
127
127
127
127
127
127
127
127
127
127
127
128
128
128
128
128
130
130
130
130
130
170
170
170
170
170
170
170
170
170
170
32
32
32
32
32
31
31
31
31
31
30
30
30
30
30
29
29
29
29
29
28
28
28
28
28
28
28
28
28
28
28
28
28
28
28
28
28
28
28
28
28
28
28
28
28
28
28
28
28
28
28
28
28
28
28
28
29
29
29
29
29
30
30
30
30
30
31
31
31
31
31
31
32
32
32
32
32
86
86
86
86
86
81
81
81
81
81
80
80
80
80
79
79
79
79
79
78
78
78
78
78
78
78
77
77
77
77
77
77
77
77
