75
75
75
75
75
75
75
75
75
75
75
75
75
75
75
75
75
76
76
76
76
76
76
77
77
77
77
77
78
78
255
255
255
255
255
255
255
255
255
255
255
158
158
158
158
158
158
157
157
157
157
157
157
157
157
157
157
157
158
148
138
138
138
138
138
138
138
138
137
137
137
137
137
137
137
137
137
137
136
136
136
137
137
137
137
137
137
137
137
255
255
255
255
255
197
197
196
196
195
195
195
195
195
195
195
195
195
195
195
195
196
196
197
197
255
255
255
255
255
255
255
255
255
255
255
255
255
255
255
255
255
255
255
255
255
255
255
255
132
131
131
131
130
130
130
130
130
130
130
130
130
130
130
130
130
130
130
130
130
130
130
130
130
130
131
131
131
131
132
132
133
133
255
255
255
255
255
255
255
255
255
255
255
255
255
33
33
32
32
32
32
31
31
31
31
31
30
30
30
30
30
30
30
30
30
30
29
29
29
29
29
29
29
29
29
28
28
28
28
28
28
28
29
29
29
29
29
29
29
29
29
29
29
29
29
29
29
30
30
30
30
30
30
30
31
31
30
30
30
32
32
33
33
33
34
34
81
80
80
80
80
80
80
255
255
77
77
77
77
76
76
76
76
76
75
75
75
75
75
75
75
75
75
75
75
75
75
75
75
75
75
75
75
75
75
75
75
76
76
0
