25
25
25
26
26
26
26
26
26
26
27
27
27
27
28
28
28
28
28
28
28
28
28
28
29
29
29
29
29
30
30
30
30
30
30
29
29
29
29
28
28
28
28
28
28
28
28
28
28
28
27
27
27
27
27
27
27
27
27
27
27
27
27
27
27
28
28
28
28
28
28
28
28
28
28
28
28
28
28
28
28
28
28
28
29
29
29
29
29
30
30
30
30
30
31
31
31
31
32
32
32
32
32
255
255
255
255
255
255
255
255
255
255
255
255
255
255
255
255
255
255
255
255
255
255
255
181
181
181
181
181
181
181
181
181
181
255
255
255
255
255
255
255
255
255
255
255
255
255
255
255
255
255
255
255
255
255
255
255
255
255
229
229
229
229
229
229
229
229
229
229
229
229
229
229
229
230
230
230
230
230
53
53
53
53
53
52
52
52
52
52
51
51
51
51
51
51
51
51
51
51
51
50
50
50
50
50
50
50
50
50
50
50
50
50
50
50
50
50
50
50
51
51
51
51
51
51
51
51
51
51
51
52
52
52
52
52
53
53
53
53
53
55
55
55
55
55
28
28
28
28
28
27
27
27
27
27
26
26
26
26
26
25
25
25
25
25
24
24
24
24
24
24
24
24
24
24
24
24
24
24
24
24
24
24
24
24
24
24
24
24
24
24
24
24
24
24
24
25
25
