133
133
133
133
133
133
133
133
133
133
133
133
133
133
135
135
135
135
255
255
255
255
255
255
255
255
255
255
255
255
255
255
255
255
255
255
255
255
255
255
255
255
255
255
255
255
255
255
255
255
162
162
162
162
162
159
159
159
159
159
159
154
154
154
154
154
153
153
153
153
153
152
152
152
152
152
152
152
152
152
152
152
152
152
152
152
152
152
152
152
152
153
153
153
153
153
255
255
255
255
255
255
255
255
255
255
255
255
255
255
255
194
194
194
194
194
194
194
194
194
194
81
81
81
81
81
79
79
79
79
79
76
76
76
76
76
76
76
76
76
76
76
76
76
76
76
76
76
76
76
76
75
75
75
75
75
75
75
75
75
75
75
75
75
75
75
76
76
76
76
76
76
76
76
76
76
77
77
77
77
77
79
79
79
79
79
255
255
255
255
255
255
255
255
255
255
56
56
56
56
56
54
54
54
54
54
53
53
53
53
53
52
52
52
52
52
52
52
52
52
52
51
51
51
51
51
51
51
51
51
51
51
51
51
51
51
51
52
52
52
52
52
52
52
52
52
52
53
53
53
53
53
53
53
53
53
53
55
55
55
55
55
255
255
255
255
255
255
255
255
255
255
255
255
255
255
255
255
255
255
255
135
135
135
135
135
133
133
133
133
133
133
133
133
133
133
133
133
133
133
