255
255
255
255
255
255
177
177
177
177
175
175
175
175
176
176
176
176
176
255
255
255
255
255
255
255
255
255
255
222
222
222
222
222
222
222
222
222
222
222
255
255
255
255
255
54
54
54
54
54
54
52
52
52
52
52
51
51
51
51
51
51
50
50
50
50
50
50
50
50
50
50
50
50
50
50
50
50
50
50
50
50
50
50
50
50
50
50
50
50
50
50
50
50
50
50
50
50
50
50
50
51
51
51
51
51
52
52
52
52
52
52
52
52
52
54
54
54
54
54
36
36
36
36
36
33
33
33
33
33
33
33
33
33
33
33
33
33
33
33
33
32
32
32
32
32
31
31
31
31
31
31
31
31
31
31
31
31
31
31
31
31
31
31
31
31
31
31
31
31
31
32
32
32
32
32
32
33
33
33
33
34
34
34
34
34
33
33
33
33
33
32
32
32
32
32
32
32
32
32
32
32
31
31
31
31
30
30
30
30
30
29
29
29
29
29
29
29
29
29
29
29
28
28
28
28
28
28
28
28
28
28
28
28
28
28
28
28
28
28
28
28
29
29
29
29
29
29
29
29
29
29
29
29
29
29
29
31
31
31
31
31
31
32
32
32
32
32
32
33
33
33
33
255
255
255
255
255
178
178
178
178
175
175
175
175
174
174
174
174
173
173
173
174
174
174
175
175
255
255
