131
131
131
131
132
132
132
132
132
132
132
132
132
133
133
133
255
255
255
255
255
255
255
255
255
255
255
255
255
255
255
255
255
255
255
255
255
255
255
255
255
255
255
255
255
255
255
255
255
255
255
255
255
255
255
255
255
255
255
255
255
255
158
158
157
157
157
157
157
157
156
156
156
156
156
156
156
156
156
156
156
156
156
156
156
156
156
157
157
157
255
255
255
255
255
255
255
255
255
255
255
255
85
85
84
84
84
84
84
84
84
84
84
84
83
83
80
80
79
79
79
78
78
77
77
77
77
77
77
76
76
76
76
76
76
76
76
76
76
76
76
75
75
75
75
75
75
75
76
76
76
76
76
76
76
76
76
76
76
76
77
77
77
77
77
77
78
78
78
78
78
81
94
94
94
94
94
94
95
95
95
95
95
95
95
56
56
55
55
54
54
54
53
53
53
53
52
52
52
52
52
52
52
52
52
52
52
52
52
51
51
51
51
51
51
51
51
51
52
52
52
52
52
52
52
52
52
52
52
52
53
53
53
53
53
53
53
54
54
55
55
55
56
56
255
255
255
255
255
255
255
255
255
255
255
255
255
255
255
145
145
255
255
134
134
133
132
132
132
132
132
132
132
132
131
131
131
131
131
131
131
131
131
131
131
131
131
132
132
132
132
132
132
133
134
255
255
255
255
0
