47
47
47
47
47
47
47
47
47
47
48
48
48
48
48
48
48
48
49
49
49
49
49
49
49
49
49
49
51
51
51
51
51
62
62
62
62
62
62
62
62
62
62
62
62
40
40
40
40
40
39
39
39
39
39
38
38
38
38
38
38
38
38
38
38
38
38
38
38
38
38
38
38
38
38
38
38
37
37
37
37
38
38
38
38
38
37
37
37
37
37
38
38
38
38
38
38
38
38
38
38
38
38
38
38
38
40
40
40
40
40
42
42
42
42
42
36
36
36
36
35
35
35
35
35
34
34
34
34
34
33
33
33
33
33
32
32
32
32
32
32
32
32
32
32
31
31
31
31
31
31
31
31
31
31
31
31
31
31
31
31
31
31
31
32
32
32
32
32
33
33
33
33
34
34
34
34
34
255
255
255
255
255
255
255
255
255
255
255
255
255
255
255
255
255
255
255
255
255
255
255
255
255
255
255
255
255
255
255
255
255
168
168
168
168
168
167
167
167
167
166
166
166
166
166
166
166
166
166
166
166
166
166
166
166
166
166
166
166
166
166
167
167
167
167
169
169
169
169
255
255
255
255
255
255
255
255
255
255
255
255
255
255
255
255
255
255
255
255
51
51
51
51
49
49
49
49
49
49
49
49
49
49
48
48
48
48
48
48
48
47
47
47
47
47
47
47
47
47
47
