38
47
47
47
47
47
47
47
47
47
47
47
47
47
47
48
48
48
48
48
48
48
48
48
48
49
49
50
50
50
50
50
51
51
62
62
62
63
63
63
63
63
63
43
43
42
42
41
41
41
41
41
41
41
41
41
41
41
41
40
40
40
40
40
40
40
40
40
39
39
39
39
39
39
39
39
39
39
39
39
39
39
39
39
39
39
39
39
39
39
39
39
39
40
40
40
40
40
40
40
40
40
40
40
40
42
42
40
40
40
44
44
53
53
38
38
38
36
36
35
35
35
35
35
35
35
34
34
34
34
33
33
33
33
33
33
33
33
33
33
33
33
33
33
33
33
33
33
33
33
33
34
34
34
34
34
35
35
36
36
255
255
255
255
255
255
255
255
255
255
255
255
39
39
39
39
255
255
255
255
255
255
255
255
255
255
255
255
255
255
255
255
255
255
255
255
255
255
255
255
255
255
255
255
255
255
255
255
255
255
255
255
255
255
255
255
255
255
255
255
255
255
255
255
255
255
255
255
255
255
255
255
255
255
255
255
255
255
255
215
215
215
215
214
214
215
215
215
215
255
255
255
255
51
51
51
50
50
50
50
49
49
49
49
49
48
48
48
48
48
48
48
48
48
48
47
47
47
47
47
47
47
47
47
44
44
47
47
47
47
47
48
48
48
48
48
48
48
49
0
