131
131
131
131
131
132
132
132
132
132
132
132
132
132
132
132
132
132
133
133
133
133
133
135
135
135
135
135
255
255
255
255
255
255
255
255
255
255
255
255
255
255
164
164
164
164
164
164
164
164
164
164
164
164
163
163
163
163
163
161
161
161
161
161
163
163
163
163
163
163
163
163
163
163
162
162
162
162
155
155
155
155
155
154
154
154
154
154
155
155
155
155
255
255
255
255
255
255
255
255
255
255
255
255
255
255
255
255
255
255
255
255
255
255
255
255
255
84
84
84
84
84
81
81
81
81
81
80
80
80
80
80
77
77
77
77
76
76
76
76
76
75
75
75
75
75
75
75
75
75
75
75
74
74
74
74
74
74
74
74
74
74
74
74
74
74
74
75
75
75
75
75
75
75
75
75
75
76
76
76
76
76
76
77
77
77
77
77
92
92
92
92
92
92
92
92
92
92
93
93
93
93
93
54
54
54
54
54
53
53
53
53
53
51
51
51
51
51
51
51
51
51
51
51
51
51
51
51
50
50
50
50
50
50
50
50
50
50
50
50
50
50
50
51
51
51
51
51
51
51
51
51
51
52
52
52
52
52
54
54
54
54
54
255
255
255
255
255
255
255
255
255
255
255
255
255
255
255
255
255
255
133
133
133
133
133
132
132
132
132
132
132
132
132
132
131
131
131
131
131
