177
177
177
178
255
255
255
255
255
255
255
255
255
255
255
255
255
54
54
54
53
53
53
53
53
53
53
53
53
53
53
53
53
53
53
53
54
54
54
54
54
54
54
56
56
56
56
56
65
65
65
65
65
32
32
32
32
31
31
31
31
31
30
30
30
30
30
30
30
30
30
30
30
30
30
30
30
30
30
30
30
30
30
30
30
30
30
30
30
30
30
30
31
31
31
31
31
31
31
31
31
31
31
33
33
33
33
33
33
33
30
30
30
30
30
30
30
30
30
30
30
30
30
30
30
30
30
30
30
30
30
28
28
28
28
28
28
28
28
28
28
28
28
28
28
28
28
26
26
26
26
26
26
26
26
26
26
26
26
26
26
26
26
26
26
26
26
26
26
26
26
26
26
26
26
26
26
26
26
26
26
26
26
26
26
26
26
26
26
26
26
26
26
26
26
26
26
26
26
26
26
26
26
26
26
26
26
26
26
26
26
26
26
26
26
26
26
26
26
26
26
26
26
26
26
26
26
26
26
26
26
27
27
27
27
27
27
27
27
27
27
27
28
28
28
28
28
28
28
28
28
28
28
28
30
30
30
30
30
30
30
30
30
30
30
31
31
31
31
31
31
31
31
31
255
255
255
255
255
255
255
255
255
255
255
255
255
180
180
180
180
179
179
179
178
178
178
178
178
177
