175
175
175
175
175
175
175
175
175
255
255
255
255
255
255
255
255
255
255
255
255
255
255
255
255
255
255
255
255
255
255
255
255
255
255
255
255
255
255
255
255
255
255
255
255
255
255
255
255
255
56
56
56
56
56
54
54
54
54
54
54
54
54
54
54
54
53
53
53
53
53
53
53
53
53
53
53
53
53
53
53
52
52
52
52
52
53
53
53
53
53
53
53
53
53
53
53
53
53
53
53
53
53
53
53
54
54
54
54
54
55
55
55
55
55
57
57
57
57
37
37
37
37
37
35
35
35
35
35
34
34
34
34
34
33
33
33
33
33
32
32
32
32
32
32
32
32
32
32
31
31
31
31
31
31
31
31
31
31
31
31
31
31
31
31
31
31
31
31
31
31
31
31
31
32
32
32
32
32
32
32
32
32
32
34
34
34
34
34
35
35
35
35
35
32
32
32
32
32
29
29
29
29
29
28
28
28
28
28
27
27
27
27
27
27
27
27
27
27
26
26
26
26
26
26
26
26
26
26
26
26
26
26
26
26
26
26
26
26
26
26
26
26
26
26
26
26
26
26
27
27
27
27
27
28
28
28
28
28
28
28
28
28
28
30
30
30
30
30
31
31
31
31
31
255
255
255
255
255
255
255
255
255
255
255
255
255
255
255
177
177
176
176
176
176
176
176
175
175
175
