132
132
132
132
132
132
132
132
132
132
132
132
132
132
132
133
133
133
133
175
175
175
175
175
174
174
174
174
174
174
174
174
174
174
174
173
173
173
173
173
173
173
173
173
173
173
173
173
173
173
173
173
174
174
174
174
174
175
175
175
175
175
175
177
177
177
177
177
154
154
154
154
154
153
153
153
153
153
152
152
152
152
152
152
152
152
152
152
152
152
152
152
152
152
152
152
152
153
153
153
153
153
255
255
255
255
255
255
255
255
255
255
80
80
80
80
80
79
79
79
79
79
79
79
79
79
79
78
78
78
78
78
75
75
75
75
75
74
74
74
74
74
73
73
73
73
73
73
73
73
73
73
73
73
73
73
73
72
72
72
72
72
72
72
72
72
72
73
73
73
73
73
73
73
73
73
73
74
74
74
74
75
75
75
75
75
76
76
76
76
76
92
92
92
92
92
93
93
93
93
93
57
57
57
57
57
56
56
56
56
56
55
55
55
55
55
55
54
54
54
54
54
54
54
54
54
54
54
54
54
54
54
53
53
53
53
53
54
54
54
54
54
54
54
54
54
54
54
54
54
54
54
54
54
55
55
55
55
55
56
56
56
56
56
255
255
255
255
255
255
255
255
255
255
255
255
255
255
255
146
146
146
146
145
145
145
145
133
133
133
133
132
132
132
132
132
132
132
132
132
